
ELEMENT NUMBER COMPOSING FACE
1
523
1
713
1
513
1
873
1
881
1
723
1
889
1
2
1
714
1
9
1
534
1
724
1
66
1
10
1
73
1
65
1
524
1
715
2
881
2
873
2
882
2
889
2
734
2
3
2
723
2
724
2
66
2
10
2
11
2
883
2
18
2
890
2
891
2
20
3
734
3
889
3
724
3
66
3
10
3
11
3
890
3
4
3
12
3
67
3
20
4
897
4
5
4
754
4
69
4
734
4
889
4
898
4
13
4
68
4
755
4
76
4
12
4
890
4
11
4
140
4
67
4
744
4
20
5
754
5
6
5
69
5
14
5
913
5
764
5
914
5
897
5
753
5
13
5
898
5
77
5
906
5
905
6
70
6
69
6
135
6
71
6
775
6
774
6
14
6
765
6
764
6
755
6
754
6
921
6
913
6
7
6
77
7
14
7
71
7
16
7
72
7
8
7
774
7
773
7
921
7
783
7
913
7
930
7
914
7
922
7
80
7
929
8
615
8
784
8
785
8
72
8
614
8
613
8
783
8
71
8
774
8
773
8
930
8
16
8
634
8
624
8
623
8
80
8
929
9
874
9
873
9
882
9
534
9
17
9
883
9
18
9
73
9
25
9
10
9
82
9
74
9
26
9
875
9
81
9
524
10
73
10
66
10
11
10
74
10
873
10
83
10
18
10
82
10
883
10
882
10
65
10
81
10
20
11
66
11
74
11
83
11
76
11
68
11
12
11
140
11
75
11
67
11
20
12
85
12
76
12
84
12
19
12
29
12
13
12
69
12
75
12
83
12
20
13
914
13
14
13
21
13
22
13
29
13
85
13
76
13
69
13
898
13
77
13
899
13
907
13
906
13
20
14
71
14
70
14
79
14
142
14
16
14
913
14
914
14
15
14
923
14
23
14
22
14
922
14
915
14
21
14
77
14
78
15
923
15
23
15
22
15
79
15
16
15
142
15
70
15
77
15
87
15
86
15
78
16
32
16
23
16
931
16
71
16
79
16
72
16
923
16
930
16
634
16
922
16
80
16
88
16
144
16
644
16
24
17
874
17
533
17
534
17
883
17
18
17
25
17
544
17
543
17
73
17
875
17
81
17
545
18
876
18
25
18
884
18
34
18
883
18
83
18
82
18
74
18
27
18
91
18
19
18
26
18
81
18
891
18
890
18
20
18
892
19
91
19
28
19
84
19
83
19
85
19
29
19
27
19
26
19
75
19
891
19
20
20
29
20
28
20
899
20
891
20
898
20
890
20
83
21
29
21
38
21
93
21
37
21
22
21
30
21
23
21
908
21
907
21
916
21
915
21
914
21
899
21
906
22
30
22
23
22
38
22
93
22
94
22
31
22
95
22
29
22
85
22
86
22
923
22
915
22
77
22
87
22
78
23
32
23
931
23
31
23
95
23
923
23
924
23
30
23
79
23
922
23
915
23
87
23
24
24
654
24
32
24
932
24
644
24
931
24
96
24
88
24
645
24
95
24
79
24
87
24
144
24
151
24
159
25
876
25
884
25
34
25
33
25
877
25
553
25
883
25
89
25
554
25
544
25
555
25
543
25
26
25
875
25
81
25
545
26
91
26
83
26
90
26
27
26
82
26
34
26
89
26
81
26
35
27
36
27
28
27
901
27
43
27
91
27
100
27
90
27
34
27
35
27
891
27
893
27
900
27
892
28
37
28
29
28
93
28
36
28
901
28
91
28
84
28
85
28
100
28
908
28
92
28
891
28
899
28
900
28
893
28
892
29
38
29
93
29
37
29
85
29
908
29
907
29
899
30
924
30
933
30
32
30
31
30
94
30
38
30
39
30
86
30
918
30
917
30
916
30
915
30
925
31
94
31
158
31
95
31
32
31
40
31
933
31
159
31
102
31
38
31
39
31
86
31
925
32
931
32
95
32
40
32
933
32
932
32
924
32
96
32
654
32
925
32
664
33
41
33
574
33
878
33
877
33
563
33
573
33
885
33
34
33
876
33
105
33
89
33
554
33
565
33
97
33
564
34
41
34
886
34
42
34
885
34
894
34
877
34
876
34
884
34
105
34
89
34
43
34
106
34
90
34
98
34
97
34
35
34
893
34
892
35
106
35
43
35
99
35
98
35
36
35
90
35
91
35
100
35
893
36
37
36
901
36
102
36
45
36
44
36
43
36
101
36
100
36
107
36
99
36
109
36
53
36
52
36
108
37
38
37
93
37
94
37
45
37
910
37
909
37
901
37
102
37
44
37
43
37
101
37
100
37
908
38
93
38
94
38
45
38
910
38
909
38
102
38
39
38
917
38
46
38
908
38
918
38
916
39
159
39
40
39
47
39
48
39
158
39
94
39
933
39
102
39
55
39
112
39
111
39
46
39
110
39
119
39
918
39
103
39
925
40
95
40
933
40
932
40
48
40
934
40
159
40
104
40
168
40
96
40
47
40
112
40
674
40
654
40
103
40
664
40
655
41
879
41
886
41
42
41
878
41
584
41
574
41
49
41
113
41
887
41
885
41
105
42
879
42
886
42
894
42
895
42
113
42
49
42
887
42
50
42
105
42
43
42
58
42
114
42
106
43
885
43
894
43
886
43
44
43
901
43
50
43
895
43
51
43
902
43
106
43
107
43
99
43
52
43
108
43
893
44
910
44
901
44
45
44
894
44
895
44
51
44
903
44
902
44
60
44
117
44
911
44
53
44
109
44
52
44
108
45
910
45
102
45
917
45
46
45
918
45
54
45
919
45
60
45
117
45
911
45
53
46
102
46
110
46
55
46
118
46
54
46
119
46
918
46
53
47
48
47
55
47
112
47
111
47
119
47
120
47
127
47
63
47
56
47
64
47
128
48
933
48
934
48
55
48
112
48
674
48
925
48
120
48
56
48
928
48
935
48
927
48
664
48
926
49
57
49
888
49
880
49
584
49
879
49
113
49
887
49
50
49
58
49
121
49
114
49
594
50
894
50
895
50
887
50
888
50
58
50
114
50
51
50
116
50
59
50
106
50
123
50
107
50
115
50
178
50
52
51
895
51
903
51
896
51
116
51
59
51
888
51
58
51
60
51
115
51
52
52
60
52
117
52
116
52
53
52
115
52
106
52
107
52
108
53
109
53
110
53
102
53
117
53
181
53
54
53
125
53
118
53
108
54
919
54
62
54
55
54
118
54
61
54
117
54
918
54
60
54
911
55
919
55
62
55
118
55
928
55
110
55
119
55
918
55
925
55
63
55
64
55
56
55
927
55
926
56
928
56
64
56
935
56
63
56
120
56
683
56
934
56
684
56
936
56
673
56
674
56
112
56
685
56
128
57
888
57
793
57
880
57
803
57
584
57
603
57
604
57
794
57
593
57
58
57
121
57
113
57
804
57
594
57
595
57
605
57
795
58
887
58
888
58
814
58
59
58
121
58
794
58
122
58
113
58
114
58
804
58
123
58
186
58
178
58
177
59
814
59
888
59
896
59
904
59
824
59
116
59
123
59
60
59
124
60
903
60
117
60
904
60
896
60
116
60
912
60
61
60
824
60
911
60
825
60
124
61
912
61
919
61
920
61
62
61
833
61
118
61
117
61
843
61
834
61
904
61
126
61
823
61
824
61
835
61
911
61
825
61
844
62
919
62
118
62
117
62
126
62
845
62
190
62
928
62
920
62
834
62
853
62
843
62
854
62
63
62
844
62
855
63
854
63
928
63
64
63
864
63
127
63
118
63
856
63
190
63
865
63
845
63
119
63
126
63
128
63
855
64
928
64
936
64
864
64
935
64
694
64
684
64
683
64
693
64
704
64
703
64
685
64
695
64
120
64
863
64
128
65
725
65
716
65
726
65
66
65
129
65
724
65
516
65
525
65
73
65
526
65
74
65
524
65
714
65
715
65
535
66
130
66
73
66
194
66
193
66
724
66
129
66
716
66
726
66
735
66
725
66
74
66
75
66
67
66
138
67
735
67
736
67
726
67
130
67
131
67
68
67
140
67
734
67
724
67
725
67
75
68
746
68
755
68
745
68
756
68
69
68
132
68
131
68
736
68
735
68
734
68
76
68
140
68
744
69
70
69
135
69
756
69
755
69
132
69
765
69
754
69
133
69
76
69
77
69
78
69
140
70
135
70
756
70
71
70
142
70
79
70
134
70
141
70
133
70
77
70
78
71
135
71
775
71
774
71
784
71
142
71
79
71
72
72
79
72
136
72
135
72
786
72
785
72
775
72
784
72
615
72
624
72
625
72
80
72
626
73
130
73
194
73
534
73
129
73
193
73
137
73
526
73
525
73
74
73
81
73
545
73
145
73
546
73
524
73
536
73
138
73
535
74
83
74
82
74
81
74
146
74
147
74
75
74
130
74
138
75
76
75
83
75
84
75
140
75
148
75
147
75
130
75
139
75
146
75
82
76
85
76
84
76
148
76
77
76
140
77
85
77
78
77
140
78
86
78
85
78
149
78
150
78
143
78
87
78
142
78
141
78
133
78
140
79
142
79
135
79
136
79
143
79
144
79
151
79
134
79
80
79
87
80
624
80
625
80
634
80
88
80
144
80
136
80
635
80
636
80
626
80
644
81
82
81
146
81
145
81
89
81
153
81
534
81
545
81
138
82
89
82
154
82
153
82
83
82
90
82
145
82
146
82
147
83
91
83
84
83
90
83
147
84
91
84
93
84
85
84
155
84
156
84
220
84
164
84
163
84
90
84
92
84
148
84
147
85
149
85
150
85
157
85
94
85
93
85
86
85
92
85
148
85
140
86
94
86
158
86
95
86
150
86
159
86
151
86
93
86
149
86
87
87
159
87
95
87
151
87
88
87
144
87
143
87
150
87
142
88
152
88
151
88
160
88
144
88
159
88
96
88
224
88
104
88
636
88
646
88
656
88
645
88
654
88
635
88
634
88
655
88
644
89
154
89
161
89
153
89
554
89
555
89
565
89
90
89
98
89
97
89
545
89
162
90
154
90
163
90
98
90
91
90
155
90
97
90
147
90
162
91
93
91
100
91
163
91
98
91
99
91
164
91
92
92
164
92
220
92
157
92
156
92
100
92
101
92
93
92
109
92
94
92
148
92
165
93
94
93
101
93
157
93
100
94
158
94
95
94
150
94
157
94
102
94
101
94
174
94
103
94
165
95
158
95
159
95
96
96
159
96
104
96
160
96
151
96
224
96
654
96
645
96
655
97
98
97
105
97
106
97
565
97
169
97
161
97
154
97
566
97
153
97
114
97
555
97
170
97
162
98
106
98
114
98
105
98
163
98
99
98
170
98
161
98
107
98
162
98
171
99
163
99
100
99
164
99
107
99
106
99
172
99
108
100
101
100
163
100
164
100
109
100
172
100
108
101
102
101
174
101
110
101
109
101
157
101
165
102
174
102
110
102
109
102
103
103
112
103
111
103
104
103
168
103
159
103
167
103
166
103
174
103
158
103
110
103
175
103
183
104
159
104
168
104
160
104
112
104
674
104
224
104
666
104
676
104
665
104
176
104
656
104
664
104
655
104
675
105
113
105
574
105
575
105
576
105
566
105
586
105
114
105
565
105
106
105
169
105
161
105
170
105
233
105
564
105
177
106
886
106
894
106
114
106
107
106
115
107
163
107
114
107
164
107
171
107
115
107
180
107
172
107
178
107
108
108
172
108
115
108
109
108
181
108
180
108
117
108
116
109
110
109
174
109
164
109
181
109
180
109
173
109
165
109
172
109
117
110
182
110
111
110
174
110
118
110
119
110
125
110
181
111
112
111
182
111
174
111
118
111
119
111
120
111
175
111
183
112
674
112
176
112
168
112
676
112
184
112
120
112
685
112
175
112
183
112
675
113
584
113
574
113
585
113
575
113
586
113
121
113
596
113
595
113
114
113
594
113
233
113
169
113
177
114
121
114
170
114
169
114
123
114
186
114
122
114
171
114
115
114
178
114
177
115
116
115
171
115
180
115
179
115
181
115
172
115
178
116
180
116
188
116
179
116
123
116
181
116
125
116
117
116
124
116
178
117
118
117
126
117
125
117
835
117
834
117
824
117
825
117
189
117
181
117
124
118
126
118
182
118
190
118
119
118
125
118
127
118
183
119
120
119
127
119
183
120
127
120
674
120
685
120
184
120
183
120
128
120
192
121
586
121
596
121
585
121
595
121
794
121
122
121
594
121
605
121
186
121
795
121
805
121
185
121
249
121
177
122
794
122
804
122
815
122
805
122
816
122
187
122
251
122
123
122
806
122
186
122
795
122
124
122
178
122
185
123
814
123
804
123
824
123
815
123
825
123
124
123
188
123
187
123
178
124
189
124
825
124
826
124
816
124
188
124
252
124
125
124
815
124
187
124
824
125
182
125
253
125
126
125
189
125
181
125
188
126
845
126
190
126
846
126
836
126
182
126
253
126
254
126
834
126
835
126
189
126
844
127
854
127
865
127
864
127
856
127
191
127
190
127
183
127
128
127
855
127
192
127
866
128
864
128
865
128
704
128
685
128
695
128
694
128
183
128
705
128
192
128
696
128
191
128
866
129
193
129
727
129
716
129
526
129
525
129
516
129
257
129
137
129
201
129
130
129
194
129
726
129
517
129
717
129
528
129
527
130
195
130
726
130
194
130
131
130
736
130
193
130
140
130
139
130
203
130
202
130
146
130
138
131
132
131
746
131
747
131
745
131
261
131
736
131
195
131
726
131
737
131
196
131
140
131
139
131
203
131
204
132
756
132
746
132
747
132
261
132
133
132
196
132
205
132
140
132
204
133
261
133
757
133
747
133
197
133
746
133
756
133
134
133
141
133
196
133
205
133
140
133
204
134
142
134
135
134
143
134
136
134
207
134
141
134
756
134
766
134
197
134
767
134
198
134
206
134
199
135
756
135
775
135
786
135
785
135
142
135
765
135
766
135
136
135
776
135
767
135
777
135
198
135
199
136
786
136
785
136
616
136
787
136
776
136
777
136
143
136
144
136
207
136
208
136
152
136
637
136
198
136
627
136
200
136
636
136
199
136
626
136
264
137
193
137
201
137
194
137
257
137
526
137
145
137
547
137
536
137
138
137
537
137
527
138
145
138
146
138
193
138
194
138
201
138
202
138
209
138
210
138
257
138
139
138
265
139
212
139
155
139
211
139
148
139
140
139
147
139
202
139
146
139
203
139
204
139
275
140
149
140
141
140
148
140
196
140
204
141
149
141
143
141
150
141
142
141
197
141
214
141
213
141
205
141
206
141
204
142
143
143
144
143
151
143
207
143
150
143
215
143
149
143
208
143
214
143
206
143
199
144
151
144
207
144
208
144
152
144
637
144
636
144
635
144
626
145
209
145
210
145
153
145
154
145
146
145
546
145
547
145
201
145
545
145
536
145
537
146
154
146
153
146
210
146
147
146
202
147
155
147
211
147
202
147
148
147
210
147
154
147
153
147
162
147
219
148
156
148
149
148
157
148
155
148
213
148
212
148
204
149
150
149
157
149
221
149
156
149
213
149
214
149
204
150
222
150
157
150
166
150
158
150
221
150
159
150
151
150
215
150
223
150
214
151
159
151
166
151
215
151
208
151
152
151
223
151
160
151
279
152
208
152
637
152
647
152
216
152
279
152
160
152
224
152
636
152
646
152
656
152
657
153
154
153
161
153
217
153
225
153
567
153
566
153
210
153
557
153
209
153
546
153
555
153
545
153
556
154
161
154
217
154
225
154
210
154
218
154
162
154
155
154
226
154
219
155
156
155
220
155
164
155
163
155
212
155
211
155
162
155
219
156
157
156
221
156
220
156
213
156
212
156
204
157
222
157
230
157
166
157
221
157
229
157
158
157
220
157
164
157
165
158
159
158
166
158
174
158
165
159
167
159
168
159
160
159
166
159
223
160
167
160
168
160
223
160
215
160
279
160
224
161
217
161
225
161
566
161
169
161
170
161
234
161
163
161
233
161
162
161
226
162
163
162
226
162
218
162
219
163
164
163
227
163
220
163
170
163
171
163
235
163
234
163
172
163
226
163
218
163
219
164
220
164
227
164
171
164
236
164
165
164
180
164
172
165
237
165
180
165
173
165
229
165
236
165
230
165
221
165
174
165
220
165
227
165
166
165
172
166
222
166
230
166
231
166
167
166
174
166
223
167
230
167
231
167
174
167
168
167
223
167
175
168
223
168
232
168
231
168
224
168
666
168
176
168
175
169
170
169
225
169
233
169
241
169
186
169
177
170
241
170
242
170
298
170
225
170
234
170
233
170
186
170
171
170
178
170
226
170
177
171
235
171
234
171
227
171
298
171
242
171
236
171
180
171
172
171
243
171
187
171
179
171
178
171
307
172
180
172
236
172
173
173
182
173
245
173
253
173
238
173
174
173
230
173
180
173
244
173
237
173
229
173
301
173
246
173
181
174
230
174
238
174
182
174
246
174
247
174
181
174
175
174
183
175
176
175
184
175
231
175
239
175
230
175
246
175
183
176
232
176
231
176
239
176
676
176
666
176
184
176
248
176
240
176
677
177
186
177
178
177
233
177
241
177
249
177
586
177
596
177
185
178
186
178
187
178
242
178
179
178
241
178
180
178
188
179
180
179
188
179
245
179
244
179
252
179
187
179
251
179
316
179
181
179
243
180
188
180
245
180
244
180
237
180
236
180
181
180
243
181
188
181
252
181
245
181
189
181
253
181
182
182
253
182
190
182
245
182
254
182
238
182
246
182
247
182
255
182
183
182
318
183
184
183
685
183
246
183
247
183
240
183
190
183
239
183
248
183
191
183
192
184
248
184
256
184
686
184
676
184
687
184
232
184
685
184
240
184
239
184
247
184
677
184
192
185
186
185
796
185
250
185
249
185
797
185
606
185
806
185
597
185
795
185
596
185
607
185
605
185
595
185
805
186
241
186
250
186
242
186
249
186
187
186
251
186
806
186
796
187
816
187
251
187
252
187
188
187
242
187
243
188
252
188
816
188
826
188
189
189
835
189
836
189
826
189
252
189
825
189
254
189
253
190
845
190
846
190
836
190
253
190
254
190
856
190
191
190
255
190
247
191
856
191
255
191
247
191
855
191
865
191
857
191
867
191
256
191
192
191
866
192
867
192
256
192
696
192
686
192
248
192
695
192
247
192
685
192
255
192
866
193
194
193
201
193
257
193
726
193
727
193
716
193
258
193
717
194
195
194
727
194
726
194
201
194
257
194
258
194
203
194
202
194
266
195
727
195
726
195
737
195
747
195
738
195
261
195
728
195
196
195
258
195
260
195
203
195
259
196
261
196
747
196
205
196
260
196
203
196
204
196
268
196
269
197
766
197
767
197
756
197
757
197
758
197
261
197
198
197
262
197
205
197
206
197
269
197
270
198
767
198
768
198
758
198
777
198
262
198
263
198
778
198
206
198
199
198
264
199
262
199
271
199
263
199
206
199
207
199
777
199
787
199
200
199
264
199
270
200
627
200
787
200
617
200
788
200
778
200
638
200
628
200
328
200
263
200
637
200
208
200
280
200
777
200
618
200
264
201
538
201
273
201
548
201
257
201
321
201
265
201
528
201
329
201
209
201
337
201
547
201
537
201
527
201
539
202
210
202
211
202
265
202
203
202
266
202
257
202
267
203
211
203
260
203
268
203
324
203
258
203
266
203
204
203
269
203
259
203
267
203
275
204
205
204
213
204
212
204
268
204
269
204
275
205
261
205
206
205
213
205
269
206
262
206
214
206
213
206
215
206
207
206
269
206
270
207
208
207
215
207
279
207
343
207
271
207
264
207
270
208
215
208
637
208
280
208
216
208
279
208
343
208
271
208
638
208
264
209
210
209
273
209
265
209
217
209
548
209
557
209
546
209
547
210
217
210
274
210
273
210
265
210
211
210
218
210
219
211
274
211
265
211
212
211
219
211
267
211
275
212
220
212
221
212
213
212
276
212
284
212
219
212
275
213
277
213
222
213
221
213
214
213
276
213
268
213
269
213
270
213
275
214
277
214
222
214
286
214
278
214
215
214
221
214
270
215
286
215
222
215
231
215
278
215
223
215
288
215
279
215
343
215
271
215
287
215
350
215
351
215
270
216
637
216
280
216
647
216
279
216
638
216
224
216
288
216
344
216
352
216
272
216
658
216
657
216
648
217
273
217
558
217
548
217
281
217
225
217
567
217
557
217
274
217
218
217
289
218
274
218
281
218
282
218
225
218
289
218
290
218
226
218
291
218
219
219
220
219
284
219
228
219
227
219
283
219
291
219
282
219
274
219
226
219
275
220
229
220
292
220
221
220
228
220
227
220
284
220
276
221
222
221
230
221
229
221
286
221
292
221
285
221
277
221
276
222
230
222
231
222
286
222
229
222
278
222
277
222
223
222
276
223
288
223
231
223
232
223
279
223
224
224
232
224
288
224
279
224
666
224
658
224
656
224
667
224
657
225
567
225
566
225
577
225
576
225
234
225
233
225
578
225
297
225
298
225
289
225
226
225
568
226
290
226
234
226
291
226
235
226
282
226
289
226
227
227
235
227
228
227
291
227
236
227
229
228
229
228
236
228
292
228
300
228
291
228
283
228
235
228
284
229
230
229
286
229
293
229
236
229
292
229
285
229
237
229
301
230
231
230
286
230
293
230
294
230
238
230
237
230
239
230
301
230
246
231
286
231
294
231
288
231
232
231
287
231
239
231
296
231
303
231
295
232
678
232
688
232
312
232
288
232
287
232
668
232
666
232
658
232
360
232
239
232
676
232
296
232
248
232
667
232
240
232
677
232
304
232
657
233
586
233
576
233
577
233
566
233
578
233
297
233
298
233
234
233
241
233
305
233
587
233
249
234
235
234
298
234
291
234
289
234
290
234
307
235
298
235
291
235
236
235
300
235
299
235
363
235
307
236
292
236
300
236
291
236
237
236
244
236
243
236
307
237
293
237
292
237
300
237
244
237
245
237
238
237
365
237
301
237
309
237
302
237
308
238
245
238
301
238
294
238
246
238
302
238
303
238
311
238
310
238
295
238
318
239
294
239
296
239
246
239
303
239
240
240
248
240
296
240
303
240
246
240
311
240
312
240
247
240
320
240
304
241
250
241
242
241
314
241
298
241
305
241
313
241
588
241
578
241
249
241
306
241
587
242
250
242
315
242
314
242
251
242
298
242
305
242
306
242
243
242
307
243
316
243
379
243
315
243
251
243
244
243
307
244
245
244
300
244
252
244
316
244
307
244
308
245
253
245
252
245
254
245
316
245
302
245
309
245
317
245
308
245
318
246
247
246
294
246
303
246
311
246
310
246
318
247
248
247
311
247
256
247
255
247
318
248
697
248
686
248
687
248
256
248
312
248
311
248
320
248
677
248
304
249
313
249
588
249
598
249
250
249
797
249
314
249
597
249
596
249
587
249
586
250
315
250
314
250
251
250
313
250
798
250
797
250
807
250
796
250
808
250
806
250
817
251
315
251
816
251
815
251
252
251
316
251
806
251
807
251
827
251
817
252
254
252
836
252
837
252
253
252
816
252
826
252
316
252
315
252
828
252
827
252
838
252
317
253
254
253
318
254
836
254
846
254
837
254
847
254
255
254
317
254
318
255
856
255
846
255
847
255
311
255
256
255
320
255
319
255
318
255
857
256
697
256
707
256
698
256
686
256
311
256
320
256
384
256
319
256
867
256
868
256
696
256
857
256
708
257
321
257
265
257
538
257
528
257
258
257
727
257
322
257
266
257
717
257
527
257
718
258
727
258
322
258
321
258
737
258
728
258
738
258
739
258
729
258
266
258
717
258
259
258
718
259
323
259
260
259
324
259
395
259
322
259
331
259
738
259
268
259
339
259
729
259
332
259
266
259
739
259
267
259
275
260
738
260
261
260
748
260
749
260
324
260
325
260
759
260
332
260
333
260
268
260
323
260
269
261
759
261
325
261
758
261
748
261
747
261
757
261
749
261
262
261
738
261
269
262
768
262
758
262
325
262
271
262
398
262
333
262
263
262
335
262
327
262
326
262
269
262
270
263
327
263
779
263
768
263
392
263
789
263
788
263
328
263
335
263
272
263
280
263
271
263
778
263
326
263
264
264
271
264
335
264
328
264
280
264
343
264
778
264
788
264
777
264
272
264
787
265
321
265
329
265
330
265
338
265
274
265
273
265
337
265
266
265
267
266
274
266
330
266
322
266
321
266
329
266
339
266
331
266
267
267
339
267
274
267
330
267
275
268
340
268
277
268
333
268
332
268
339
268
324
268
348
268
284
268
276
268
269
268
275
269
325
269
333
269
277
269
270
270
271
270
333
270
325
270
277
270
278
271
333
271
325
271
398
271
343
271
278
271
279
271
335
271
334
271
390
271
326
272
328
272
335
272
336
272
343
272
280
272
408
272
638
272
344
272
649
272
639
272
648
273
558
273
559
273
548
273
345
273
281
273
338
273
538
273
274
273
337
273
549
274
281
274
338
274
330
274
346
274
283
274
347
274
282
274
339
274
284
274
275
275
339
275
284
275
276
276
277
276
284
276
292
276
286
276
285
276
348
277
349
277
341
277
285
277
348
277
278
277
333
277
286
277
340
277
284
278
333
278
341
278
349
278
285
278
286
278
279
278
343
278
342
278
414
278
350
278
334
278
351
279
288
279
280
279
343
279
344
279
351
280
637
280
343
280
335
280
638
280
328
280
344
280
648
281
558
281
559
281
345
281
338
281
557
281
569
281
353
281
282
281
346
281
354
281
289
281
290
281
361
281
568
282
283
282
346
282
338
282
355
282
291
282
354
282
290
283
355
283
292
283
291
283
356
283
347
283
348
283
346
283
354
283
339
283
284
284
339
284
348
284
347
284
292
284
285
285
286
285
293
285
358
285
357
285
292
285
349
285
341
285
348
285
350
286
293
286
358
286
294
286
287
286
350
286
301
287
288
287
668
287
294
287
358
287
350
287
359
287
360
287
352
287
296
287
351
287
295
288
668
288
344
288
352
288
658
288
360
288
351
288
657
289
297
289
578
289
577
289
298
289
567
289
557
289
558
289
290
289
361
289
568
290
354
290
362
290
355
290
291
290
298
290
361
291
300
291
355
291
292
291
298
291
299
291
362
291
363
292
357
292
293
292
300
292
355
292
356
292
348
292
365
293
358
293
357
293
294
293
365
293
300
293
301
294
358
294
301
294
302
294
303
294
295
295
303
295
296
295
358
295
359
295
367
295
301
295
366
295
302
296
360
296
352
296
359
296
367
296
368
296
303
296
304
297
588
297
369
297
578
297
362
297
433
297
370
297
377
297
299
297
298
297
305
297
425
297
306
297
361
298
299
298
362
298
305
298
306
298
361
298
307
299
362
299
355
299
370
299
435
299
371
299
434
299
363
299
300
299
306
299
307
299
308
300
355
300
356
300
365
300
363
300
364
300
307
300
308
301
365
301
357
301
366
301
358
301
309
301
302
302
309
302
366
302
374
302
367
302
311
302
303
302
310
302
318
303
311
303
366
303
367
303
375
303
368
303
312
303
320
303
304
304
312
304
678
304
360
304
368
304
668
304
367
304
679
305
314
305
313
305
377
305
369
305
588
305
370
305
578
305
306
305
587
306
314
306
377
306
378
306
313
306
315
306
370
306
371
306
379
306
307
307
316
307
372
307
371
307
379
307
363
307
315
307
308
308
364
308
372
308
371
308
363
308
365
308
373
308
316
308
309
308
317
309
365
309
373
309
374
309
366
309
382
309
381
309
372
309
317
309
310
309
318
310
311
310
375
310
374
310
382
310
317
310
319
310
318
311
375
311
367
311
374
311
312
311
320
311
382
311
319
311
318
312
375
312
367
312
376
312
699
312
689
312
688
312
698
312
678
312
384
312
368
312
697
312
687
312
679
312
320
312
677
313
588
313
599
313
598
313
369
313
798
313
799
313
378
313
314
313
797
313
377
313
441
313
608
313
597
314
798
314
378
314
315
314
377
314
807
314
808
315
379
315
380
315
378
315
371
315
818
315
828
315
808
315
807
315
316
315
827
315
817
316
380
316
828
316
379
316
372
316
371
316
317
317
838
317
837
317
828
317
381
317
380
317
372
317
382
317
318
318
319
318
382
318
381
318
837
318
847
318
848
319
849
319
859
319
383
319
858
319
384
319
320
319
848
319
382
319
375
319
381
319
847
319
446
319
868
319
857
319
869
320
697
320
384
320
698
320
375
320
376
320
367
320
383
321
538
321
528
321
529
321
329
321
393
321
330
321
394
321
530
321
385
321
386
321
719
321
322
321
729
321
323
321
718
321
539
322
330
322
394
322
386
322
331
322
729
322
323
322
395
323
738
323
739
323
748
323
749
323
324
323
740
323
750
323
388
323
386
323
331
323
395
323
387
323
729
323
730
323
451
323
385
324
332
324
388
324
325
324
396
324
749
324
339
324
395
324
331
324
748
325
397
325
388
325
398
325
333
325
759
325
758
325
332
325
389
325
749
325
340
325
326
326
389
326
398
326
759
326
769
326
390
326
391
326
770
326
327
326
758
326
768
326
760
326
335
326
462
327
769
327
779
327
768
327
392
327
391
327
328
327
335
327
336
327
400
327
399
327
390
327
334
328
392
328
789
328
788
328
335
328
336
328
400
328
790
328
638
328
630
328
628
328
619
328
640
328
618
328
629
328
639
329
330
329
401
329
402
329
338
329
393
329
394
329
530
329
337
329
550
329
465
329
458
329
540
329
539
329
549
330
338
330
346
330
402
330
403
330
394
330
331
330
401
330
393
330
339
330
458
331
403
331
394
331
339
331
386
331
395
331
332
332
388
332
396
332
340
332
333
332
339
332
395
333
397
333
398
333
341
333
405
333
340
333
342
333
334
334
405
334
341
334
342
334
398
334
397
334
390
334
399
334
335
334
343
334
400
334
407
335
336
335
400
335
343
335
390
336
400
336
408
336
343
336
630
336
640
336
650
336
649
336
639
337
538
337
559
337
345
337
338
337
401
337
550
337
539
337
549
338
401
338
410
338
402
338
346
338
345
338
354
339
340
339
396
339
403
339
346
339
347
339
348
339
404
339
395
340
348
340
341
340
405
340
388
340
396
340
397
340
404
341
349
341
348
341
412
341
405
341
342
341
414
341
404
342
405
342
397
342
406
342
414
342
350
342
464
342
399
342
471
342
400
342
343
342
407
342
462
342
351
343
400
343
408
343
344
343
407
343
351
344
408
344
352
344
658
344
407
344
415
344
416
344
351
344
649
344
660
344
648
344
659
345
401
345
559
345
560
345
558
345
410
345
346
345
569
345
353
345
409
345
354
345
570
345
549
346
411
346
410
346
402
346
347
346
403
346
354
347
348
347
412
347
356
347
411
347
410
347
403
347
355
347
419
347
418
347
354
347
404
348
349
348
412
348
356
348
357
348
420
348
404
349
357
349
358
349
422
349
412
349
414
349
413
349
350
349
421
349
420
350
414
350
406
350
358
350
422
350
359
350
407
350
415
350
351
350
423
351
352
351
415
351
359
351
407
352
658
352
360
352
424
352
415
352
359
352
368
352
670
352
416
352
423
352
660
352
669
352
659
353
579
353
369
353
578
353
569
353
354
353
409
353
417
353
426
353
489
353
425
353
580
353
362
353
570
353
361
353
568
354
418
354
362
354
426
354
410
354
409
354
355
354
417
354
419
354
363
354
361
355
356
355
419
355
362
355
418
355
363
356
412
356
357
356
419
356
365
356
420
356
363
356
364
357
358
357
422
357
366
357
365
357
429
357
420
357
364
358
422
358
366
358
359
358
430
358
423
359
424
359
415
359
360
359
367
359
423
359
366
360
668
360
658
360
424
360
368
360
367
360
423
360
678
360
679
360
669
360
659
361
578
361
369
361
425
361
362
361
426
361
568
362
434
362
433
362
370
362
426
362
418
362
363
362
425
363
435
363
419
363
427
363
434
363
418
363
371
363
364
364
419
364
427
364
420
364
365
364
435
364
372
364
436
364
373
364
429
364
371
364
428
365
429
365
373
365
374
365
366
365
420
366
422
366
429
366
374
366
430
366
438
366
367
366
423
367
375
367
376
367
374
367
368
367
440
367
438
367
430
367
423
367
439
368
376
368
689
368
680
368
690
368
424
368
670
368
679
368
423
368
439
368
504
368
669
368
432
368
495
369
588
369
579
369
578
369
599
369
377
369
433
369
589
369
590
369
441
369
425
370
506
370
442
370
378
370
434
370
433
370
371
370
377
370
505
370
441
371
442
371
378
371
434
371
379
371
435
371
443
371
372
372
443
372
379
372
380
372
381
372
373
372
435
372
436
372
445
372
428
373
429
373
374
373
436
373
437
373
438
373
382
373
381
373
443
373
445
373
428
373
446
374
429
374
375
374
438
374
437
374
382
374
446
375
376
375
440
375
383
375
447
375
438
375
439
375
382
375
446
376
699
376
689
376
690
376
448
376
700
376
384
376
383
376
680
376
440
376
512
376
439
376
504
376
432
377
378
377
599
377
433
377
441
378
798
378
799
378
506
378
442
378
820
378
444
378
379
378
380
378
818
378
443
378
441
378
808
378
819
378
809
378
810
379
380
379
443
380
818
380
828
380
443
380
444
380
819
380
829
380
838
380
839
380
381
380
445
380
830
381
848
381
838
381
837
381
382
381
839
381
829
381
849
381
445
381
446
382
383
382
446
383
850
383
447
383
860
383
384
383
448
383
440
383
849
383
859
383
870
383
446
383
869
384
699
384
698
384
448
384
709
384
859
384
868
384
869
385
720
385
721
385
730
385
531
385
449
385
457
385
731
385
451
385
393
385
530
385
529
385
450
385
386
385
719
385
729
385
520
386
393
386
394
386
451
386
730
386
450
386
387
386
459
386
395
386
458
387
452
387
388
387
396
387
389
387
750
387
740
387
451
387
741
387
459
387
403
387
394
387
751
387
395
387
460
388
397
388
398
388
452
388
396
388
405
388
389
388
749
388
750
388
395
389
759
389
760
389
769
389
398
389
397
389
770
389
771
389
452
389
391
389
749
389
750
389
462
389
453
389
761
390
391
390
399
390
397
390
398
390
462
391
780
391
769
391
779
391
392
391
770
391
456
391
781
391
771
391
455
391
400
391
399
391
462
391
454
392
780
392
779
392
789
392
456
392
400
392
790
392
630
393
449
393
457
393
394
393
530
393
450
393
458
393
465
393
540
393
539
394
459
394
403
394
402
394
395
394
458
395
396
395
403
396
452
396
397
396
405
396
459
396
403
396
467
396
468
396
404
396
469
396
460
397
398
397
452
397
405
397
406
397
470
397
399
397
462
397
461
397
469
398
405
398
462
399
400
399
455
399
464
399
463
399
471
399
462
399
454
400
456
400
455
400
408
400
464
400
630
400
407
400
640
401
559
401
560
401
473
401
410
401
402
401
409
401
465
401
551
401
550
401
458
401
549
402
473
402
410
402
411
402
403
402
459
402
467
402
466
402
458
403
411
403
459
403
467
403
468
403
412
403
404
404
468
404
412
404
405
404
411
405
452
405
413
405
477
405
412
405
470
405
406
405
478
405
414
405
468
405
462
405
469
406
470
406
478
406
414
406
407
406
471
406
415
406
462
406
479
406
423
406
487
407
464
407
472
407
471
407
408
407
415
407
479
408
650
408
464
408
472
408
415
408
416
408
640
408
649
408
660
409
473
409
410
409
417
409
560
409
561
409
426
409
465
409
551
409
570
410
474
410
481
410
473
410
411
410
475
410
417
410
426
410
418
410
482
410
466
411
475
411
474
411
419
411
412
411
476
411
418
411
467
411
459
411
468
411
956
411
466
412
413
412
477
412
476
412
419
412
414
412
421
412
468
412
420
413
477
413
478
413
470
413
476
413
486
413
422
413
414
413
421
413
485
414
422
414
478
414
423
415
424
415
472
415
416
415
479
415
423
415
487
416
650
416
472
416
480
416
424
416
651
416
661
416
670
416
671
416
660
416
487
416
669
416
432
416
488
417
561
417
481
417
473
417
426
417
571
417
581
417
560
417
580
417
489
417
425
417
570
418
491
418
490
418
483
418
475
418
419
418
434
418
426
418
427
418
482
418
435
419
476
419
475
419
483
419
427
419
435
419
420
420
476
420
483
420
427
420
421
420
429
420
493
420
422
420
484
420
428
421
476
421
477
421
422
421
486
421
429
421
493
421
485
421
484
422
486
422
478
422
429
422
430
422
423
423
486
423
478
423
430
423
424
423
439
423
431
423
487
423
495
424
670
424
472
424
487
424
432
424
495
424
488
425
579
425
580
425
589
425
590
425
433
425
497
425
489
425
426
426
481
426
434
426
433
426
490
426
482
426
489
427
483
427
491
427
435
427
428
428
492
428
484
428
483
428
491
428
493
428
435
428
499
428
436
428
429
428
501
429
486
429
493
429
430
429
436
429
437
429
438
429
502
429
494
429
501
430
486
430
438
430
439
430
502
430
494
430
431
430
487
430
495
431
504
431
496
431
512
431
440
431
447
431
439
431
502
431
494
431
438
431
503
431
495
432
439
432
504
432
680
432
670
432
681
432
496
432
671
432
495
432
488
433
434
433
506
433
505
433
489
433
441
433
590
433
497
434
506
434
442
434
490
434
491
434
435
434
489
434
497
434
498
435
442
435
491
435
443
435
436
435
499
436
437
436
443
436
499
436
445
436
492
436
493
436
508
436
501
436
500
437
438
437
445
437
502
437
510
437
509
437
447
437
508
437
446
437
501
437
500
438
439
438
447
438
502
438
446
439
440
439
447
439
502
439
504
439
495
440
512
440
448
440
447
440
504
441
506
441
505
441
590
441
801
441
800
441
600
441
799
441
599
441
609
441
610
441
601
441
809
441
810
442
506
442
820
442
444
442
507
442
491
442
443
442
811
442
810
442
498
442
499
443
507
443
444
443
491
443
499
443
445
443
508
444
820
444
507
444
819
444
499
444
445
444
821
444
831
444
830
444
508
445
829
445
839
445
831
445
509
445
841
445
510
445
830
445
508
445
840
445
446
446
839
446
849
446
850
446
840
446
510
446
447
446
841
446
502
446
509
447
850
447
860
447
512
447
448
447
510
447
861
447
511
447
502
447
870
447
503
448
699
448
690
448
700
448
698
448
512
448
709
448
710
448
870
448
504
448
868
448
871
448
869
449
531
449
721
449
532
449
457
449
731
449
732
449
937
449
938
449
722
449
450
449
945
449
946
449
466
449
458
450
731
450
732
450
451
450
459
450
945
450
946
450
466
450
458
450
460
450
954
450
953
451
731
451
730
451
741
451
452
451
961
451
740
451
750
451
732
451
459
451
460
451
954
451
953
452
741
452
961
452
750
452
461
452
969
452
751
452
453
452
962
452
462
452
469
452
468
452
460
452
761
453
772
453
977
453
969
453
771
453
461
453
970
453
978
453
462
453
469
453
761
453
454
454
978
454
986
454
977
454
463
454
985
454
455
454
781
454
462
454
471
454
469
454
771
454
979
454
470
455
781
455
456
455
791
455
631
455
994
455
641
455
985
455
986
455
463
455
464
455
993
456
781
456
780
456
791
456
621
456
631
456
790
456
464
456
630
456
993
456
640
456
620
457
541
457
542
457
532
457
465
457
552
457
939
457
938
457
531
457
937
457
551
457
530
457
466
457
458
457
540
458
465
458
466
458
473
458
459
459
467
459
466
459
946
459
947
459
460
459
954
460
962
460
961
460
461
460
467
460
955
460
469
460
468
460
971
460
963
460
954
460
953
461
961
461
969
461
970
461
962
461
462
461
469
462
771
462
471
462
463
462
470
462
469
463
986
463
994
463
985
463
464
463
472
463
471
463
995
463
987
463
979
463
978
464
631
464
641
464
994
464
472
464
471
464
651
464
995
464
650
464
640
465
542
465
552
465
939
465
940
465
473
465
551
465
541
465
550
465
466
465
540
466
939
466
938
466
946
466
474
466
473
466
467
466
947
467
468
467
475
467
956
467
963
467
955
467
474
467
962
467
469
467
971
467
947
467
954
468
476
468
477
468
475
468
964
468
963
468
971
468
956
468
469
469
971
469
970
469
979
469
470
469
978
469
962
469
477
469
963
470
477
470
478
470
971
470
972
470
988
470
979
470
471
470
980
470
981
470
978
470
479
471
472
471
988
471
979
471
987
471
479
472
995
472
480
472
651
472
996
472
641
472
650
472
987
472
479
472
487
473
474
473
481
473
940
473
561
473
939
473
551
474
481
474
940
474
475
474
939
474
482
474
948
474
956
474
947
475
476
475
483
475
482
475
949
475
957
475
948
475
485
475
477
475
964
475
956
475
484
475
965
476
477
476
483
476
485
476
484
477
478
477
964
477
972
477
963
477
485
477
971
477
980
477
981
477
484
478
486
478
485
478
981
478
980
478
479
478
494
478
487
479
980
479
988
479
989
479
987
479
996
479
981
479
480
479
494
479
487
480
995
480
661
480
651
480
996
480
650
480
662
480
671
480
997
480
487
480
488
481
941
481
581
481
572
481
940
481
561
481
482
481
490
481
571
481
580
481
489
481
942
482
940
482
941
482
490
482
483
482
949
482
948
482
489
482
950
482
942
483
491
483
490
483
949
483
957
483
485
483
484
483
492
483
966
483
965
483
958
484
485
484
493
484
492
485
486
485
964
485
972
485
493
485
957
485
981
485
492
485
966
485
974
485
965
485
973
486
493
486
981
486
494
486
501
486
487
487
494
487
989
487
996
487
495
487
488
488
495
488
496
488
494
488
671
488
998
488
997
488
996
488
989
489
580
489
581
489
490
489
491
489
497
489
942
489
950
489
498
489
943
490
491
490
949
490
957
490
950
490
959
490
951
490
942
490
498
490
958
491
498
491
959
491
499
491
958
491
492
492
966
492
493
492
974
492
958
492
499
492
967
492
501
492
500
493
981
493
966
493
974
493
982
493
494
493
501
493
973
494
981
494
989
494
982
494
502
494
501
494
983
494
503
494
991
494
990
494
496
494
495
494
998
495
504
495
496
495
503
495
991
496
999
496
691
496
681
496
991
496
512
496
504
496
682
496
671
496
997
496
503
496
990
496
998
497
505
497
590
497
591
497
580
497
506
497
581
497
498
497
943
498
959
498
951
498
952
498
506
498
944
498
505
498
507
498
591
498
950
498
942
498
499
498
943
499
959
499
952
499
960
499
507
499
968
499
958
499
967
499
508
499
500
500
967
500
974
500
975
500
501
500
509
500
968
500
976
500
508
500
960
501
974
501
502
501
975
501
509
501
982
501
983
502
510
502
509
502
984
502
511
502
976
502
975
502
983
502
503
503
511
503
983
503
991
503
512
503
984
503
992
504
999
504
691
504
512
504
700
504
690
504
701
504
680
504
681
505
601
505
591
505
600
505
590
505
801
505
800
505
944
505
506
505
602
505
592
505
943
506
801
506
944
506
811
506
952
506
507
506
820
506
959
506
810
507
820
507
811
507
952
507
959
507
960
507
968
507
821
507
508
508
831
508
509
508
968
508
821
509
510
509
976
509
984
509
831
509
841
509
842
509
968
509
975
510
850
510
851
510
841
510
860
510
976
510
984
510
511
510
861
510
842
511
851
511
984
511
992
511
861
511
512
511
991
512
999
512
701
512
702
512
691
512
861
512
860
512
992
512
1000
512
870
512
872
512
991
512
700
512
871
513
523
513
0
513
0
513
713
513
514
513
714
513
1101
514
0
514
523
514
714
514
524
514
515
514
1102
515
524
515
0
515
525
515
714
515
516
515
715
515
1103
516
0
516
525
516
526
516
527
516
517
516
716
516
715
516
1104
517
716
517
527
517
0
517
528
517
518
517
717
517
1105
518
0
518
528
518
529
518
519
518
717
518
718
518
1106
519
0
519
529
519
520
519
719
519
718
519
1107
520
0
520
521
520
531
520
720
520
530
520
529
520
719
520
1108
521
531
521
720
521
721
521
0
521
522
521
1109
522
532
522
0
522
0
522
531
522
722
522
721
522
1110
523
0
523
0
523
713
523
873
523
533
523
534
523
714
523
524
524
0
524
714
524
873
524
525
524
534
524
535
525
0
525
535
525
526
525
714
525
715
526
535
526
0
526
527
526
536
527
0
527
528
527
536
527
537
527
538
528
0
528
538
528
529
528
717
528
718
529
538
529
0
529
530
529
719
529
720
529
539
529
718
530
531
530
720
530
0
530
540
530
539
531
0
531
532
531
721
531
541
531
720
531
540
532
0
532
0
532
542
532
541
532
722
532
721
532
937
533
0
533
873
533
534
533
874
533
0
533
543
533
544
534
0
534
873
534
874
534
544
534
535
534
545
535
0
535
536
535
545
536
0
536
547
536
546
536
537
536
545
537
547
537
0
537
538
538
0
538
547
538
548
538
539
538
549
539
540
539
0
539
550
539
549
540
0
540
541
540
550
541
0
541
542
541
551
541
550
542
0
542
0
542
552
542
551
542
939
542
938
542
937
543
0
543
874
543
0
543
544
543
553
543
876
543
875
544
0
544
553
544
554
544
545
545
555
545
0
545
546
545
554
546
547
546
557
546
0
546
555
546
556
547
548
547
0
547
557
548
0
548
558
548
559
548
557
548
549
549
0
549
559
549
550
550
551
550
0
550
560
550
559
551
0
551
552
551
939
551
940
551
561
551
560
552
0
552
0
552
562
552
561
552
939
552
940
553
0
553
0
553
563
553
877
553
876
553
554
554
564
554
0
554
563
554
877
554
565
554
555
555
565
555
566
555
0
555
556
556
0
556
557
556
567
556
566
557
0
557
558
557
567
558
559
558
0
558
567
558
569
558
568
559
560
559
0
559
569
559
570
560
0
560
571
560
561
560
570
561
562
561
0
561
572
561
571
561
940
562
0
562
940
562
0
562
572
563
0
563
0
563
573
563
574
563
878
563
877
563
564
564
0
564
574
564
565
564
575
565
575
565
0
565
566
566
567
566
0
566
577
566
576
566
575
567
577
567
0
567
568
568
0
568
577
568
578
568
569
569
0
569
579
569
578
569
570
570
0
570
580
570
571
570
579
571
0
571
572
571
581
571
940
571
580
572
0
572
0
572
582
572
581
572
941
572
940
573
574
573
0
573
0
573
878
573
584
573
583
574
584
574
878
574
0
574
585
574
575
575
0
575
586
575
576
575
585
576
587
576
586
576
0
576
577
577
0
577
587
577
578
578
587
578
588
578
0
578
579
579
0
579
588
579
589
579
580
580
589
580
0
580
590
580
591
580
581
581
0
581
582
581
591
581
592
581
941
581
942
581
943
582
942
582
0
582
941
582
0
582
592
582
943
583
0
583
879
583
880
583
878
583
584
583
0
583
593
584
878
584
879
584
880
584
0
584
585
584
593
584
594
585
0
585
586
585
596
585
595
585
594
586
587
586
0
586
596
587
597
587
596
587
0
587
598
587
588
588
0
588
599
588
598
588
589
589
590
589
599
589
0
590
0
590
599
590
600
590
591
591
602
591
592
591
0
591
601
591
600
591
943
592
602
592
0
592
0
592
943
593
603
593
880
593
0
593
0
593
604
593
594
594
595
594
0
594
604
595
605
595
0
595
604
595
596
595
606
596
0
596
606
596
597
597
0
597
598
597
608
597
607
597
797
597
606
598
599
598
0
598
608
599
0
599
610
599
600
599
609
599
608
599
799
600
610
600
0
600
601
600
800
601
0
601
610
601
611
601
602
601
612
601
800
601
801
601
944
601
802
602
0
602
612
602
0
602
944
602
802
602
943
603
604
603
0
603
1001
603
0
603
793
603
880
604
1002
604
0
604
793
604
605
604
794
605
606
605
1003
605
0
605
794
605
795
606
607
606
797
606
1004
606
0
606
796
606
795
607
1005
607
0
607
797
607
608
608
797
608
1006
608
0
608
798
608
799
608
609
609
1007
609
799
609
800
609
0
609
610
610
0
610
1008
610
800
610
611
611
0
611
1009
611
612
611
800
611
801
611
802
612
1010
612
0
612
0
612
802
613
623
613
783
613
0
613
614
613
0
613
784
613
1111
614
0
614
623
614
615
614
784
614
624
614
1112
615
784
615
785
615
624
615
625
615
0
615
626
615
616
615
1113
616
786
616
787
616
785
616
627
616
617
616
0
616
626
616
1114
617
627
617
787
617
618
617
0
617
788
617
1115
618
788
618
627
618
0
618
619
618
628
618
1116
619
0
619
628
619
790
619
789
619
788
619
629
619
620
619
630
619
1117
620
630
620
790
620
0
620
621
620
1118
621
632
621
622
621
0
621
631
621
791
621
790
621
630
621
1119
622
632
622
0
622
0
622
792
622
791
622
1120
623
783
623
0
623
0
623
633
623
930
623
624
623
634
623
929
624
0
624
634
624
625
625
635
625
0
625
634
625
626
626
627
626
785
626
636
626
635
626
0
626
637
627
787
627
0
627
628
627
638
627
637
628
0
628
638
628
629
629
638
629
0
629
790
629
630
629
640
629
639
630
790
630
631
630
0
630
640
631
642
631
0
631
641
631
994
631
791
631
632
631
640
631
993
632
0
632
0
632
792
632
993
632
791
632
642
633
0
633
0
633
634
633
643
633
930
633
644
634
0
634
930
634
635
634
645
634
644
634
929
635
0
635
645
635
636
636
637
636
646
636
647
636
0
636
645
637
647
637
638
637
0
637
648
638
0
638
639
638
649
638
648
639
0
639
640
639
650
639
649
640
650
640
0
640
641
641
642
641
0
641
994
641
652
641
651
641
650
641
995
642
652
642
0
642
0
642
995
642
994
642
993
643
0
643
932
643
653
643
0
643
931
643
930
643
644
644
932
644
653
644
0
644
654
644
931
644
930
644
645
645
655
645
654
645
0
645
646
646
0
646
656
646
647
646
655
647
656
647
0
647
657
647
648
648
0
648
657
648
658
648
659
648
649
649
660
649
0
649
650
649
659
650
651
650
660
650
0
651
0
651
652
651
995
651
661
651
662
651
660
652
0
652
995
652
662
652
0
653
932
653
0
653
0
653
663
653
664
653
654
654
655
654
0
654
664
654
932
655
0
655
656
655
666
655
664
655
665
656
0
656
666
656
667
656
657
657
0
657
658
657
668
657
667
658
668
658
0
658
659
659
0
659
668
659
669
659
660
660
0
660
661
660
670
660
669
661
995
661
662
661
0
661
672
661
670
661
671
661
997
662
0
662
0
662
995
662
672
662
996
662
997
663
0
663
0
663
673
663
664
663
934
663
933
663
932
664
673
664
934
664
674
664
0
664
933
664
932
664
665
665
0
665
666
665
676
665
674
665
675
666
0
666
676
666
667
666
677
667
0
667
678
667
668
667
677
668
0
668
678
668
669
669
0
669
678
669
679
669
670
670
0
670
671
670
679
670
680
671
0
671
681
671
680
671
672
671
682
671
997
672
0
672
0
672
997
672
682
673
683
673
934
673
0
673
0
673
674
674
0
674
683
674
684
674
934
674
685
674
675
675
0
675
676
675
685
676
0
676
686
676
687
676
685
676
677
677
0
677
688
677
687
677
678
678
688
678
0
678
679
679
0
679
680
679
689
679
688
680
0
680
689
680
690
680
681
681
0
681
690
681
691
681
682
681
999
682
692
682
0
682
0
682
997
682
999
682
691
682
998
683
0
683
0
683
934
683
935
683
936
683
693
683
694
683
684
684
0
684
694
684
685
685
0
685
694
685
695
685
686
686
696
686
0
686
695
686
697
686
687
687
0
687
697
687
688
688
699
688
689
688
698
688
0
688
697
689
0
689
690
689
699
690
0
690
699
690
700
690
701
690
691
691
0
691
701
691
999
691
692
692
999
692
0
692
0
692
702
692
701
693
694
693
704
693
0
693
703
693
0
693
936
694
704
694
0
694
695
694
705
695
696
695
0
695
705
695
866
696
706
696
707
696
0
696
867
696
705
696
697
696
866
697
0
697
698
697
707
698
708
698
707
698
0
698
699
698
709
698
867
698
868
699
0
699
700
699
709
700
710
700
711
700
0
700
701
700
709
700
871
701
711
701
0
701
702
701
999
701
871
702
0
702
0
702
712
702
711
702
1000
702
999
702
872
702
871
703
863
703
1011
703
0
703
936
703
0
703
704
704
0
704
1012
704
865
704
864
704
863
704
705
705
0
705
1013
705
865
705
866
705
706
706
866
706
1014
706
867
706
0
706
707
707
0
707
1015
707
708
707
867
708
867
708
1016
708
868
708
0
708
709
709
710
709
0
709
1017
709
870
709
868
709
869
710
0
710
711
710
871
710
1018
710
870
711
712
711
0
711
1019
711
871
712
0
712
1020
712
0
712
871
712
872
713
0
713
881
713
723
713
873
713
714
713
1121
714
723
714
724
714
715
714
1122
715
725
715
716
715
724
715
1123
716
727
716
726
716
725
716
717
716
1124
717
727
717
718
717
1125
718
719
718
729
718
728
718
727
718
1126
719
720
719
730
719
729
719
1127
720
721
720
730
720
1128
721
730
721
731
721
732
721
937
721
722
721
945
721
1129
722
0
722
937
722
945
722
732
722
1130
723
733
723
0
723
889
723
881
723
724
723
1131
724
734
724
733
724
889
724
725
724
735
724
1132
725
735
725
726
725
1133
726
727
726
736
726
737
726
735
726
1134
727
737
727
728
727
1135
728
738
728
737
728
739
728
729
728
1136
729
739
729
730
729
740
729
1137
730
731
730
741
730
740
730
1138
731
732
731
741
731
945
731
953
731
742
731
1139
732
945
732
0
732
953
732
742
732
1140
733
889
733
0
733
743
733
734
733
1141
734
889
734
735
734
745
734
743
734
897
734
744
734
1142
735
745
735
736
735
1143
736
746
736
745
736
737
736
1144
737
747
737
746
737
738
737
1145
738
748
738
747
738
739
738
1146
739
748
739
749
739
740
739
1147
740
741
740
750
740
749
740
1148
741
961
741
750
741
751
741
953
741
742
741
1149
742
953
742
752
742
0
742
751
742
1150
743
897
743
0
743
753
743
754
743
889
743
744
743
1151
744
755
744
897
744
754
744
745
744
1152
745
746
745
755
745
1153
746
755
746
756
746
747
746
757
746
1154
747
748
747
758
747
757
747
1155
748
759
748
758
748
749
748
1156
749
759
749
750
749
760
749
1157
750
760
750
751
750
761
750
1158
751
961
751
969
751
752
751
761
751
953
751
1159
752
961
752
969
752
0
752
762
752
953
752
761
752
1160
753
913
753
764
753
763
753
0
753
905
753
897
753
754
753
1161
754
755
754
764
754
897
754
905
754
1162
755
756
755
765
755
764
755
1163
756
766
756
767
756
757
756
765
756
1164
757
767
757
758
757
1165
758
767
758
759
758
768
758
769
758
1166
759
760
759
769
759
1167
760
769
760
770
760
771
760
761
760
1168
761
762
761
969
761
772
761
771
761
1169
762
0
762
969
762
772
762
1170
763
913
763
764
763
0
763
921
763
774
763
773
763
1171
764
913
764
765
764
774
764
921
764
905
764
1172
765
774
765
775
765
766
765
776
765
1173
766
767
766
776
766
1174
767
776
767
777
767
768
767
778
767
1175
768
769
768
779
768
778
768
1176
769
779
769
780
769
770
769
1177
770
780
770
781
770
771
770
1178
771
781
771
772
771
977
771
969
771
1179
772
0
772
782
772
977
772
781
772
969
772
1180
773
921
773
783
773
0
773
774
773
1181
774
775
774
784
774
921
774
783
774
1182
775
786
775
785
775
784
775
776
775
1183
776
786
776
777
776
1184
777
786
777
787
777
778
777
1185
778
788
778
779
778
787
778
1186
779
780
779
789
779
788
779
1187
780
781
780
791
780
789
780
790
780
1188
781
791
781
985
781
782
781
977
781
1189
782
993
782
792
782
0
782
977
782
985
782
791
782
1190
783
0
783
921
783
784
783
929
783
1191
784
785
784
1192
785
786
785
1193
786
787
786
1194
787
788
787
1195
788
789
788
1196
789
790
789
1197
790
791
790
1198
791
985
791
792
791
993
791
1199
792
993
792
0
792
1200
793
0
793
880
793
888
793
803
793
1021
793
794
794
1022
794
803
794
804
794
795
795
1023
795
804
795
805
795
806
795
796
796
1024
796
797
796
807
796
806
797
798
797
1025
797
807
798
799
798
1026
798
808
798
807
799
1027
799
800
799
808
799
809
800
1028
800
809
800
810
800
801
801
810
801
1029
801
944
801
811
801
802
802
0
802
944
802
1030
802
811
802
812
803
888
803
896
803
0
803
1031
803
813
803
814
803
804
804
1032
804
814
804
888
804
815
804
805
805
815
805
1033
805
806
806
815
806
1034
806
816
806
817
806
807
807
1035
807
808
807
817
808
809
808
1036
808
818
808
817
809
810
809
1037
809
819
809
818
810
811
810
1038
810
820
810
819
811
944
811
952
811
1039
811
820
811
821
811
812
811
822
812
0
812
944
812
952
812
822
812
1040
813
0
813
896
813
1041
813
904
813
823
813
814
814
888
814
896
814
1042
814
823
814
824
814
904
814
825
814
815
815
1043
815
825
815
816
816
1044
816
825
816
826
816
827
816
817
817
1045
817
827
817
828
817
818
818
828
818
1046
818
819
819
1047
819
820
819
830
819
828
819
829
820
1048
820
821
820
831
820
830
821
822
821
952
821
960
821
832
821
1049
821
968
821
831
822
1050
822
0
822
952
822
960
822
832
823
0
823
1051
823
833
823
904
823
824
823
834
824
1052
824
904
824
834
824
825
825
835
825
1053
825
834
825
826
826
827
826
836
826
1054
826
835
827
838
827
1055
827
837
827
836
827
828
828
829
828
838
828
1056
829
838
829
1057
829
830
829
840
829
839
830
840
830
831
830
1058
831
842
831
1059
831
841
831
840
831
968
831
832
832
0
832
968
832
960
832
1060
832
842
833
1061
833
0
833
843
833
904
833
920
833
834
833
912
834
1062
834
843
834
835
834
844
835
1063
835
836
835
845
835
844
836
845
836
846
836
1064
836
837
837
846
837
1065
837
838
837
848
837
847
838
1066
838
848
838
839
839
1067
839
840
839
848
839
849
839
850
840
1068
840
841
840
850
841
842
841
851
841
1069
841
850
842
851
842
1070
842
976
842
852
842
968
842
0
843
1071
843
0
843
920
843
853
843
844
844
1072
844
845
844
920
844
853
844
854
844
855
845
846
845
1073
845
856
845
855
846
1074
846
856
846
847
846
857
847
1075
847
848
847
858
847
857
848
1076
848
858
848
849
849
850
849
860
849
859
849
1077
849
858
850
1078
850
851
850
860
851
1079
851
860
851
852
851
976
851
984
851
862
851
992
851
861
852
0
852
992
852
984
852
976
852
1080
852
862
853
0
853
1081
853
920
853
928
853
854
853
864
853
863
854
1082
854
865
854
864
854
928
854
855
855
856
855
1083
855
865
855
866
856
1084
856
857
856
866
857
866
857
867
857
1085
857
868
857
858
858
859
858
1086
858
868
859
1087
859
870
859
860
859
868
859
869
860
871
860
870
860
1088
860
861
861
871
861
1089
861
862
861
992
861
1000
861
872
862
872
862
1000
862
0
862
1090
862
992
863
1091
863
864
863
0
863
928
863
936
864
865
864
1092
864
928
864
936
865
1093
865
866
866
867
866
1094
867
1095
867
868
868
1096
868
869
869
1097
869
870
870
1098
870
871
871
872
871
1000
871
1099
872
1000
872
0
872
1100
873
0
873
881
873
882
873
874
874
0
874
882
874
875
875
0
875
882
875
883
875
876
876
883
876
0
876
884
876
885
876
877
877
0
877
878
877
885
878
0
878
879
878
886
878
885
879
887
879
0
879
880
879
886
880
887
880
0
880
888
881
0
881
889
881
882
881
890
882
0
882
890
882
883
883
890
883
0
883
884
883
891
883
892
884
0
884
885
884
892
885
894
885
886
885
0
885
893
885
892
886
0
886
887
886
894
886
895
887
0
887
895
887
888
888
0
888
896
888
895
889
0
889
890
889
897
890
891
890
0
890
898
890
897
891
898
891
0
891
899
891
900
891
892
892
0
892
893
892
900
893
0
893
900
893
901
893
902
893
894
894
895
894
0
894
902
895
0
895
896
895
903
895
902
896
0
896
903
896
904
897
905
897
0
897
898
897
906
898
0
898
906
898
907
898
899
899
907
899
908
899
0
899
900
900
0
900
908
900
901
901
0
901
910
901
909
901
908
901
902
902
0
902
903
902
910
902
911
903
0
903
904
903
912
903
911
904
0
904
912
905
906
905
914
905
0
905
913
906
0
906
914
906
907
907
915
907
916
907
0
907
908
907
914
908
916
908
0
908
909
909
910
909
0
909
916
909
917
910
0
910
917
910
918
910
911
911
0
911
912
911
918
911
919
912
0
912
920
912
919
913
0
913
921
913
922
913
914
914
922
914
923
914
0
914
915
915
923
915
0
915
924
915
916
916
917
916
0
916
924
917
0
917
918
917
924
917
925
918
919
918
0
918
925
918
926
919
920
919
0
919
928
919
927
919
926
920
0
920
928
921
0
921
922
921
929
922
930
922
923
922
931
922
0
922
929
923
931
923
924
923
0
924
931
924
932
924
0
924
933
924
925
925
0
925
933
925
934
925
926
926
0
926
927
926
934
927
0
927
928
927
935
927
934
928
0
928
936
928
935
929
0
929
930
930
0
930
931
931
0
931
932
932
0
932
933
933
934
933
0
934
0
934
935
935
0
935
936
936
0
937
0
937
938
937
945
938
0
938
939
938
946
938
945
939
0
939
940
939
948
939
946
939
947
940
941
940
0
940
949
940
948
941
0
941
949
941
942
942
950
942
949
942
0
942
951
942
943
943
0
943
951
943
944
944
951
944
952
944
0
945
0
945
946
945
953
945
954
946
0
946
947
946
954
947
0
947
956
947
948
947
955
947
954
948
949
948
0
948
957
948
956
949
958
949
0
949
957
949
950
950
958
950
0
950
959
950
951
951
0
951
952
951
959
952
959
952
960
952
0
953
0
953
961
953
954
954
0
954
955
954
962
954
961
955
962
955
963
955
0
955
956
956
964
956
957
956
0
956
963
957
958
957
0
957
966
957
964
957
965
958
966
958
0
958
959
958
967
959
0
959
960
959
967
960
0
960
968
960
967
961
0
961
969
961
962
962
0
962
969
962
970
962
971
962
963
963
964
963
0
963
972
963
971
964
972
964
0
964
965
964
973
965
0
965
966
965
973
966
0
966
974
966
967
966
973
967
0
967
975
967
968
967
974
968
976
968
975
968
0
969
0
969
977
969
970
970
0
970
977
970
978
970
979
970
971
971
972
971
0
971
979
971
980
972
0
972
980
972
981
972
973
973
0
973
981
973
974
974
982
974
981
974
975
974
0
975
0
975
976
975
982
975
983
976
0
976
984
976
983
977
0
977
985
977
986
977
978
978
979
978
986
978
0
979
987
979
986
979
0
979
988
979
980
980
988
980
0
980
981
980
989
981
0
981
989
981
982
982
0
982
989
982
983
982
990
983
991
983
0
983
984
983
990
984
992
984
0
984
991
985
993
985
0
985
986
986
994
986
0
986
987
986
993
987
995
987
996
987
0
987
988
987
994
988
0
988
996
988
989
989
996
989
0
989
997
989
990
989
998
990
0
990
991
990
998
991
0
991
1000
991
999
991
992
991
998
992
0
992
1000
993
0
993
994
994
995
994
0
995
996
995
0
996
0
996
997
997
0
997
998
998
0
998
999
999
1000
999
0
1000
0

ELEMENT KIND NUMBER
1
1
1
1
1
1
1
1
1
1
1
1
1
1
1
1
1
1
1
1
1
1
1
1
1
1
1
1
1
1
1
1
1
1
1
1
1
1
1
1
1
1
1
1
1
1
1
1
1
1
1
1
1
1
1
1
1
1
1
1
1
1
1
1
1
1
1
1
1
1
1
1
1
1
1
1
1
1
1
1
1
1
1
1
1
1
1
1
1
1
1
1
1
1
1
1
1
1
1
1
1
1
1
1
1
1
1
1
1
1
1
1
1
1
1
1
1
1
1
1
1
1
1
1
1
1
1
1
1
1
1
1
1
1
1
1
1
1
1
1
1
1
1
1
1
1
1
1
1
1
1
1
1
1
1
1
1
1
1
1
1
1
1
1
1
1
1
1
1
1
1
1
1
1
1
1
1
1
1
1
1
1
1
1
1
1
1
1
1
1
1
1
1
1
1
1
1
1
1
1
1
1
1
1
1
1
1
1
1
1
1
1
1
1
1
1
1
1
1
1
1
1
1
1
1
1
1
1
1
1
1
1
1
1
1
1
1
1
1
1
1
1
1
1
1
1
1
1
1
1
1
1
1
1
1
1
1
1
1
1
1
1
1
1
1
1
1
1
1
1
1
1
1
1
1
1
1
1
1
1
1
1
1
1
1
1
1
1
1
1
1
1
1
1
1
1
1
1
1
1
1
1
1
1
1
1
1
1
1
1
1
1
1
1
1
1
1
1
1
1
1
1
1
1
1
1
1
1
1
1
1
1
1
1
1
1
1
1
1
1
1
1
1
1
1
1
1
1
1
1
1
1
1
1
1
1
1
1
1
1
1
1
1
1
1
1
1
1
1
1
1
1
1
1
1
1
1
1
1
1
1
1
1
1
1
1
1
1
1
1
1
1
1
1
1
1
1
1
1
1
1
1
1
1
1
1
1
1
1
1
1
1
1
1
1
1
1
1
1
1
1
1
1
1
1
1
1
1
1
1
1
1
1
1
1
1
1
1
1
1
1
1
1
1
1
1
1
1
1
1
1
1
1
1
1
1
1
1
1
1
1
1
1
1
1
1
1
1
1
1
1
1
1
1
1
1
1
1
1
1
1
1
1
1
1
1
1
1
1
1
1
1
1
1
1
1
1
1
1
1
1
1
1
1
1
1
1
1
1
1
1
1
1
1
1
1
1
1
1
1
1
1
1
1
1
1
1
1
1
1
1
1
1
1
1
1
1
1
1
1
1
1
1
1
1
1
1
1
1
1
1
1
1
1
1
1
1
1
1
1
1
1
1
1
1
1
1
1
1
1
1
1
1
1
1
1
1
1
1
1
1
1
1
1
1
1
1
1
1
1
1
1
1
1
1
1
1
1
1
1
1
1
1
1
1
1
1
1
1
1
1
1
1
1
1
1
1
1
1
1
1
1
1
1
1
1
1
1
1
1
1
1
1
1
1
1
1
1
1
1
1
1
1
1
1
1
1
1
1
1
1
1
1
1
1
1
1
1
1
1
1
1
1
1
1
1
1
1
1
1
1
1
1
1
1
1
1
1
1
1
1
1
1
1
1
1
1
1
1
1
1
1
1
1
1
1
1
1
1
1
1
1
1
1
1
1
1
1
1
1
1
1
1
1
1
1
1
1
1
1
1
1
1
1
1
1
1
1
1
1
1
1
1
1
1
1
1
1
1
1
1
1
1
1
1
1
1
1
1
1
1
1
1
1
1
1
1
1
1
1
1
1
1
1
1
1
1
1
1
1
1
1
1
1
1
1
1
1
1
1
1
1
1
1
1
1
1
1
1
1
1
1
1
1
1
1
1
1
1
1
1
1
1
1
1
1
1
1
1
1
1
1
1
1
1
1
1
1
1
1
1
1
1
1
1
1
1
1
1
1
1
1
1
1
1
1
1
1
1
1
1
1
1
1
1
1
1
1
1
1
1
1
1
1
1
1
1
1
1
1
1
1
1
1
1
1
1
1
1
1
1
1
1
1
1
1
1
1
1
1
1
1
1
1
1
1
1
1
1
1
1
1
1
1
1
1
1
1
1
1
1
1
1
1
1
1
1
1
1
1
1
1
1
1
1
1
1
1
1
1
1
1
1
1
1
1
1
1
1
1
1
1
1
1
1
1
1
1
1
1
1
1
1
1
1
1
1
1
1
1
1
1
1
1
1
1
1
1
1
1
1
1
1
1
1
1
1
1
1
1
1
1
1
1
1
1
1
1
1
1
1
1
1
1
1
1
1
1
1
1
1
1
1
1
1
1
1
1
1
1
3
3
3
3
3
3
3
3
3
3
3
3
3
3
3
3
3
3
3
3
3
3
3
3
3
3
3
3
3
3
3
3
3
3
3
3
3
3
3
3
3
3
3
3
3
3
3
3
3
3
3
3
3
3
3
3
3
3
3
3
3
3
3
3
3
3
3
3
3
3
3
3
3
3
3
3
3
3
3
3
3
3
3
3
3
3
3
3
3
3
3
3
3
3
3
3
3
3
3
3
3
3
3
3
3
3
3
3
3
3
3
3
3
3
3
3
3
3
3
3
3
3
3
3
3
3
3
3
3
3
3
3
3
3
3
3
3
3
3
3
3
3
3
3
3
3
3
3
3
3
3
3
3
3
3
3
3
3
3
3
3
3
3
3
3
3
3
3
3
3
3
3
3
3
3
3
3
3
3
3
3
3
3
3
3
3
3
3
3
3
3
3
3
3
3
3
3
3
3
3

NUMBER OF FIXED ELEMENT ON EACH DIRECTION
200
100
200
200

FIXED ELEMENT NUMBER ON EACH DIRECTION
1001
1002
1003
1004
1005
1006
1007
1008
1009
1010
1011
1012
1013
1014
1015
1016
1017
1018
1019
1020
1021
1022
1023
1024
1025
1026
1027
1028
1029
1030
1031
1032
1033
1034
1035
1036
1037
1038
1039
1040
1041
1042
1043
1044
1045
1046
1047
1048
1049
1050
1051
1052
1053
1054
1055
1056
1057
1058
1059
1060
1061
1062
1063
1064
1065
1066
1067
1068
1069
1070
1071
1072
1073
1074
1075
1076
1077
1078
1079
1080
1081
1082
1083
1084
1085
1086
1087
1088
1089
1090
1091
1092
1093
1094
1095
1096
1097
1098
1099
1100
1101
1102
1103
1104
1105
1106
1107
1108
1109
1110
1111
1112
1113
1114
1115
1116
1117
1118
1119
1120
1121
1122
1123
1124
1125
1126
1127
1128
1129
1130
1131
1132
1133
1134
1135
1136
1137
1138
1139
1140
1141
1142
1143
1144
1145
1146
1147
1148
1149
1150
1151
1152
1153
1154
1155
1156
1157
1158
1159
1160
1161
1162
1163
1164
1165
1166
1167
1168
1169
1170
1171
1172
1173
1174
1175
1176
1177
1178
1179
1180
1181
1182
1183
1184
1185
1186
1187
1188
1189
1190
1191
1192
1193
1194
1195
1196
1197
1198
1199
1200
1101
1102
1103
1104
1105
1106
1107
1108
1109
1110
1111
1112
1113
1114
1115
1116
1117
1118
1119
1120
1121
1122
1123
1124
1125
1126
1127
1128
1129
1130
1131
1132
1133
1134
1135
1136
1137
1138
1139
1140
1141
1142
1143
1144
1145
1146
1147
1148
1149
1150
1151
1152
1153
1154
1155
1156
1157
1158
1159
1160
1161
1162
1163
1164
1165
1166
1167
1168
1169
1170
1171
1172
1173
1174
1175
1176
1177
1178
1179
1180
1181
1182
1183
1184
1185
1186
1187
1188
1189
1190
1191
1192
1193
1194
1195
1196
1197
1198
1199
1200
1001
1002
1003
1004
1005
1006
1007
1008
1009
1010
1011
1012
1013
1014
1015
1016
1017
1018
1019
1020
1021
1022
1023
1024
1025
1026
1027
1028
1029
1030
1031
1032
1033
1034
1035
1036
1037
1038
1039
1040
1041
1042
1043
1044
1045
1046
1047
1048
1049
1050
1051
1052
1053
1054
1055
1056
1057
1058
1059
1060
1061
1062
1063
1064
1065
1066
1067
1068
1069
1070
1071
1072
1073
1074
1075
1076
1077
1078
1079
1080
1081
1082
1083
1084
1085
1086
1087
1088
1089
1090
1091
1092
1093
1094
1095
1096
1097
1098
1099
1100
1101
1102
1103
1104
1105
1106
1107
1108
1109
1110
1111
1112
1113
1114
1115
1116
1117
1118
1119
1120
1121
1122
1123
1124
1125
1126
1127
1128
1129
1130
1131
1132
1133
1134
1135
1136
1137
1138
1139
1140
1141
1142
1143
1144
1145
1146
1147
1148
1149
1150
1151
1152
1153
1154
1155
1156
1157
1158
1159
1160
1161
1162
1163
1164
1165
1166
1167
1168
1169
1170
1171
1172
1173
1174
1175
1176
1177
1178
1179
1180
1181
1182
1183
1184
1185
1186
1187
1188
1189
1190
1191
1192
1193
1194
1195
1196
1197
1198
1199
1200
1001
1002
1003
1004
1005
1006
1007
1008
1009
1010
1011
1012
1013
1014
1015
1016
1017
1018
1019
1020
1021
1022
1023
1024
1025
1026
1027
1028
1029
1030
1031
1032
1033
1034
1035
1036
1037
1038
1039
1040
1041
1042
1043
1044
1045
1046
1047
1048
1049
1050
1051
1052
1053
1054
1055
1056
1057
1058
1059
1060
1061
1062
1063
1064
1065
1066
1067
1068
1069
1070
1071
1072
1073
1074
1075
1076
1077
1078
1079
1080
1081
1082
1083
1084
1085
1086
1087
1088
1089
1090
1091
1092
1093
1094
1095
1096
1097
1098
1099
1100
1101
1102
1103
1104
1105
1106
1107
1108
1109
1110
1111
1112
1113
1114
1115
1116
1117
1118
1119
1120
1121
1122
1123
1124
1125
1126
1127
1128
1129
1130
1131
1132
1133
1134
1135
1136
1137
1138
1139
1140
1141
1142
1143
1144
1145
1146
1147
1148
1149
1150
1151
1152
1153
1154
1155
1156
1157
1158
1159
1160
1161
1162
1163
1164
1165
1166
1167
1168
1169
1170
1171
1172
1173
1174
1175
1176
1177
1178
1179
1180
1181
1182
1183
1184
1185
1186
1187
1188
1189
1190
1191
1192
1193
1194
1195
1196
1197
1198
1199
1200

NUMBER OF FORCE DISPLACEMENT ELEMENT ON EACH DIRECTION
0
100
0

ELEMENT NUMBER OF FORCE DISPLACEMENT AND THE VALUE
1001
1
-0.010000
1002
1
-0.010000
1003
1
-0.010000
1004
1
-0.010000
1005
1
-0.010000
1006
1
-0.010000
1007
1
-0.010000
1008
1
-0.010000
1009
1
-0.010000
1010
1
-0.010000
1011
1
-0.010000
1012
1
-0.010000
1013
1
-0.010000
1014
1
-0.010000
1015
1
-0.010000
1016
1
-0.010000
1017
1
-0.010000
1018
1
-0.010000
1019
1
-0.010000
1020
1
-0.010000
1021
1
-0.010000
1022
1
-0.010000
1023
1
-0.010000
1024
1
-0.010000
1025
1
-0.010000
1026
1
-0.010000
1027
1
-0.010000
1028
1
-0.010000
1029
1
-0.010000
1030
1
-0.010000
1031
1
-0.010000
1032
1
-0.010000
1033
1
-0.010000
1034
1
-0.010000
1035
1
-0.010000
1036
1
-0.010000
1037
1
-0.010000
1038
1
-0.010000
1039
1
-0.010000
1040
1
-0.010000
1041
1
-0.010000
1042
1
-0.010000
1043
1
-0.010000
1044
1
-0.010000
1045
1
-0.010000
1046
1
-0.010000
1047
1
-0.010000
1048
1
-0.010000
1049
1
-0.010000
1050
1
-0.010000
1051
1
-0.010000
1052
1
-0.010000
1053
1
-0.010000
1054
1
-0.010000
1055
1
-0.010000
1056
1
-0.010000
1057
1
-0.010000
1058
1
-0.010000
1059
1
-0.010000
1060
1
-0.010000
1061
1
-0.010000
1062
1
-0.010000
1063
1
-0.010000
1064
1
-0.010000
1065
1
-0.010000
1066
1
-0.010000
1067
1
-0.010000
1068
1
-0.010000
1069
1
-0.010000
1070
1
-0.010000
1071
1
-0.010000
1072
1
-0.010000
1073
1
-0.010000
1074
1
-0.010000
1075
1
-0.010000
1076
1
-0.010000
1077
1
-0.010000
1078
1
-0.010000
1079
1
-0.010000
1080
1
-0.010000
1081
1
-0.010000
1082
1
-0.010000
1083
1
-0.010000
1084
1
-0.010000
1085
1
-0.010000
1086
1
-0.010000
1087
1
-0.010000
1088
1
-0.010000
1089
1
-0.010000
1090
1
-0.010000
1091
1
-0.010000
1092
1
-0.010000
1093
1
-0.010000
1094
1
-0.010000
1095
1
-0.010000
1096
1
-0.010000
1097
1
-0.010000
1098
1
-0.010000
1099
1
-0.010000
1100
1
-0.010000

FINAL STEP
200
STOP STEP OF APPLYING FORCE DISPLACEMENT ON RIGHT AND LEFT SIDE200
